@1100
00 00 00 00 00 00 00 00 00 2F 00 00 00 00 07 00
07 00 00 14 7F 14 7F 14 00 24 2A 7F 2A 12 00 62
64 08 13 23 00 36 49 55 22 50 00 00 05 03 00 00
00 00 1C 22 41 00 00 00 41 22 1C 00 00 14 08 3E
08 14 00 08 08 3E 08 08 00 00 00 A0 60 00 00 08
08 08 08 08 00 00 60 60 00 00 00 20 10 08 04 02
00 3E 51 49 45 3E 00 00 42 7F 40 00 00 42 61 51
49 46 00 21 41 45 4B 31 00 18 14 12 7F 10 00 27
45 45 45 39 00 3C 4A 49 49 30 00 01 71 09 05 03
00 36 49 49 49 36 00 06 49 49 29 1E 00 00 36 36
00 00 00 00 56 36 00 00 00 08 14 22 41 00 00 14
14 14 14 14 00 00 41 22 14 08 00 02 01 51 09 06
00 32 49 59 51 3E 00 7C 12 11 12 7C 00 7F 49 49
49 36 00 3E 41 41 41 22 00 7F 41 41 22 1C 00 7F
49 49 49 41 00 7F 09 09 09 01 00 3E 41 49 49 7A
00 7F 08 08 08 7F 00 00 41 7F 41 00 00 20 40 41
3F 01 00 7F 08 14 22 41 00 7F 40 40 40 40 00 7F
02 0C 02 7F 00 7F 04 08 10 7F 00 3E 41 41 41 3E
00 7F 09 09 09 06 00 3E 41 51 21 5E 00 7F 09 19
29 46 00 46 49 49 49 31 00 01 01 7F 01 01 00 3F
40 40 40 3F 00 1F 20 40 20 1F 00 3F 40 38 40 3F
00 63 14 08 14 63 00 07 08 70 08 07 00 61 51 49
45 43 00 00 7F 41 41 00 00 02 04 08 10 20 00 00
41 41 7F 00 00 04 02 01 02 04 00 40 40 40 40 40
00 00 01 02 04 00 00 20 54 54 54 78 00 7F 48 44
44 38 00 38 44 44 44 20 00 38 44 44 48 7F 00 38
54 54 54 18 00 08 7E 09 01 02 00 18 A4 A4 A4 7C
00 7F 08 04 04 78 00 00 44 7D 40 00 00 40 80 84
7D 00 00 7F 10 28 44 00 00 00 41 7F 40 00 00 7C
04 18 04 78 00 7C 08 04 04 78 00 38 44 44 44 38
00 FC 24 24 24 18 00 18 24 24 18 FC 00 7C 08 04
04 08 00 48 54 54 54 20 00 04 3F 44 40 20 00 3C
40 40 20 7C 00 1C 20 40 20 1C 00 3C 40 30 40 3C
00 44 28 10 28 44 00 1C A0 A0 A0 7C 00 44 64 54
4C 44 00 08 36 41 00 00 00 00 00 7E 00 00 00 00
41 36 08 00 00 10 08 10 20 10 00 00 00 00 00 00
00 00 00 00 00 00 00 00 00 00 00 00 00 F8 00 00
00 00 00 00 00 33 30 00 00 00 00 10 0C 06 10 0C
06 00 00 00 00 00 00 00 00 00 40 C0 78 40 C0 78
40 00 04 3F 04 04 3F 04 04 00 00 70 88 FC 08 30
00 00 00 18 20 FF 21 1E 00 00 F0 08 F0 00 E0 18
00 00 00 21 1C 03 1E 21 1E 00 00 F0 08 88 70 00
00 00 1E 21 23 24 19 27 21 10 10 16 0E 00 00 00
00 00 00 00 00 00 00 00 00 00 00 00 00 E0 18 04
02 00 00 00 00 07 18 20 40 00 00 02 04 18 E0 00
00 00 00 40 20 18 07 00 00 00 40 40 80 F0 80 40
40 00 02 02 01 0F 01 02 02 00 00 00 00 F0 00 00
00 00 01 01 01 1F 01 01 01 00 00 00 00 00 00 00
00 00 80 B0 70 00 00 00 00 00 00 00 00 00 00 00
00 00 00 01 01 01 01 01 01 01 00 00 00 00 00 00
00 00 00 30 30 00 00 00 00 00 00 00 00 00 80 60
18 04 00 60 18 06 01 00 00 00 00 E0 10 08 08 10
E0 00 00 0F 10 20 20 10 0F 00 00 10 10 F8 00 00
00 00 00 20 20 3F 20 20 00 00 00 70 08 08 08 88
70 00 00 30 28 24 22 21 30 00 00 30 08 88 88 48
30 00 00 18 20 20 20 11 0E 00 00 00 C0 20 10 F8
00 00 00 07 04 24 24 3F 24 00 00 F8 08 88 88 08
08 00 00 19 21 20 20 11 0E 00 00 E0 10 88 88 18
00 00 00 0F 11 20 20 11 0E 00 00 38 08 08 C8 38
08 00 00 00 00 3F 00 00 00 00 00 70 88 08 08 88
70 00 00 1C 22 21 21 22 1C 00 00 E0 10 08 08 10
E0 00 00 00 31 22 22 11 0F 00 00 00 00 C0 C0 00
00 00 00 00 00 30 30 00 00 00 00 00 00 80 00 00
00 00 00 00 80 60 00 00 00 00 00 00 80 40 20 10
08 00 00 01 02 04 08 10 20 00 40 40 40 40 40 40
40 00 04 04 04 04 04 04 04 00 00 08 10 20 40 80
00 00 00 20 10 08 04 02 01 00 00 70 48 08 08 08
F0 00 00 00 00 30 36 01 00 00 C0 30 C8 28 E8 10
E0 00 07 18 27 24 23 14 0B 00 00 00 C0 38 E0 00
00 00 20 3C 23 02 02 27 38 20 08 F8 88 88 88 70
00 00 20 3F 20 20 20 11 0E 00 C0 30 08 08 08 08
38 00 07 18 20 20 20 10 08 00 08 F8 08 08 08 10
E0 00 20 3F 20 20 20 10 0F 00 08 F8 88 88 E8 08
10 00 20 3F 20 20 23 20 18 00 08 F8 88 88 E8 08
10 00 20 3F 20 00 03 00 00 00 C0 30 08 08 08 38
00 00 07 18 20 20 22 1E 02 00 08 F8 08 00 00 08
F8 08 20 3F 21 01 01 21 3F 20 00 08 08 F8 08 08
00 00 00 20 20 3F 20 20 00 00 00 00 08 08 F8 08
08 00 C0 80 80 80 7F 00 00 00 08 F8 88 C0 28 18
08 00 20 3F 20 01 26 38 20 00 08 F8 08 00 00 00
00 00 20 3F 20 20 20 20 30 00 08 F8 F8 00 F8 F8
08 00 20 3F 00 3F 00 3F 20 00 08 F8 30 C0 00 08
F8 08 20 3F 20 00 07 18 3F 00 E0 10 08 08 08 10
E0 00 0F 10 20 20 20 10 0F 00 08 F8 08 08 08 08
F0 00 20 3F 21 01 01 01 00 00 E0 10 08 08 08 10
E0 00 0F 18 24 24 38 50 4F 00 08 F8 88 88 88 88
70 00 20 3F 20 00 03 0C 30 20 00 70 88 08 08 08
38 00 00 38 20 21 21 22 1C 00 18 08 08 F8 08 08
18 00 00 00 20 3F 20 00 00 00 08 F8 08 00 00 08
F8 08 00 1F 20 20 20 20 1F 00 08 78 88 00 00 C8
38 08 00 00 07 38 0E 01 00 00 F8 08 00 F8 00 08
F8 00 03 3C 07 00 07 3C 03 00 08 18 68 80 80 68
18 08 20 30 2C 03 03 2C 30 20 08 38 C8 00 C8 38
08 00 00 00 20 3F 20 00 00 00 10 08 08 08 C8 38
08 00 20 38 26 21 20 20 18 00 00 00 00 FE 02 02
02 00 00 00 00 7F 40 40 40 00 00 0C 30 C0 00 00
00 00 00 00 00 01 06 38 C0 00 00 02 02 02 FE 00
00 00 00 40 40 40 7F 00 00 00 00 00 04 02 02 02
04 00 00 00 00 00 00 00 00 00 00 00 00 00 00 00
00 00 80 80 80 80 80 80 80 80 00 02 02 04 00 00
00 00 00 00 00 00 00 00 00 00 00 00 80 80 80 80
00 00 00 19 24 22 22 22 3F 20 08 F8 00 80 80 00
00 00 00 3F 11 20 20 11 0E 00 00 00 00 80 80 80
00 00 00 0E 11 20 20 20 11 00 00 00 00 80 80 88
F8 00 00 0E 11 20 20 10 3F 20 00 00 80 80 80 80
00 00 00 1F 22 22 22 22 13 00 00 80 80 F0 88 88
88 18 00 20 20 3F 20 20 00 00 00 00 80 80 80 80
80 00 00 6B 94 94 94 93 60 00 08 F8 00 80 80 80
00 00 20 3F 21 00 00 20 3F 20 00 80 98 98 00 00
00 00 00 20 20 3F 20 20 00 00 00 00 00 80 98 98
00 00 00 C0 80 80 80 7F 00 00 08 F8 00 00 80 80
80 00 20 3F 24 02 2D 30 20 00 00 08 08 F8 00 00
00 00 00 20 20 3F 20 20 00 00 80 80 80 80 80 80
80 00 20 3F 20 00 3F 20 00 3F 80 80 00 80 80 80
00 00 20 3F 21 00 00 20 3F 20 00 00 80 80 80 80
00 00 00 1F 20 20 20 20 1F 00 80 80 00 80 80 00
00 00 80 FF A1 20 20 11 0E 00 00 00 00 80 80 80
80 00 00 0E 11 20 20 A0 FF 80 80 80 80 00 80 80
80 00 20 20 3F 21 20 00 01 00 00 00 80 80 80 80
80 00 00 33 24 24 24 24 19 00 00 80 80 E0 80 80
00 00 00 00 00 1F 20 20 00 00 80 80 00 00 00 80
80 00 00 1F 20 20 20 10 3F 20 80 80 80 00 00 80
80 80 00 01 0E 30 08 06 01 00 80 80 00 80 00 80
80 80 0F 30 0C 03 0C 30 0F 00 00 80 80 00 80 80
80 00 00 20 31 2E 0E 31 20 00 80 80 80 00 00 80
80 80 80 81 8E 70 18 06 01 00 00 80 80 80 80 80
80 00 00 21 30 2C 22 21 30 00 00 00 00 00 80 7C
02 02 00 00 00 00 00 3F 40 40 00 00 00 00 FF 00
00 00 00 00 00 00 FF 00 00 00 00 02 02 7C 80 00
00 00 00 40 40 3F 00 00 00 00 00 06 01 01 02 02
04 04 00 00 00 00 00 00 00 00 C8 AB 80 80 40 20
50 48 44 C3 44 48 50 20 40 80 80 00 00 40 40 44
44 44 44 7F 44 44 44 44 40 40 00 00 B6 AF 40 44
C4 44 44 44 40 10 10 FF 10 10 10 F0 00 00 10 3C
13 10 14 B8 40 30 0E 01 40 80 40 3F 00 00 B5 E7
00 00 F8 88 88 88 88 FF 88 88 88 88 F8 00 00 00
00 00 1F 08 08 08 08 7F 88 88 88 88 9F 80 F0 00
D7 D3 80 82 82 82 82 82 82 E2 A2 92 8A 86 82 80
80 00 00 00 00 00 00 40 80 7F 00 00 00 00 00 00
00 00 BC BC 10 10 10 FF 10 90 08 88 88 88 FF 88
88 88 08 00 04 44 82 7F 01 80 80 40 43 2C 10 28
46 81 80 00 CA F5 00 10 10 10 10 D0 30 FF 30 D0
12 1C 10 10 00 00 10 08 04 02 01 00 00 FF 00 00
01 02 04 08 10 00 CF B5 00 00 22 32 2A A6 A2 62
21 11 09 81 01 00 00 00 00 42 22 13 0B 42 82 7E
02 02 0A 12 23 46 00 00 CD B3 20 30 AC 63 30 00
88 C8 A8 99 8E 88 A8 C8 88 00 22 67 22 12 12 80
40 30 0F 00 00 3F 40 40 71 00 C9 E8 40 40 42 CC
00 40 A0 9E 82 82 82 9E A0 20 20 00 00 00 00 3F
90 88 40 43 2C 10 28 46 41 80 80 00 D6 C3 00 17
15 D5 55 57 55 7D 55 57 55 D5 15 17 00 00 40 40
40 7F 55 55 55 55 55 55 55 7F 40 40 40 00 D2 F4
40 40 44 44 54 64 45 46 44 64 54 44 44 40 40 00
00 00 00 FF 49 49 49 49 49 49 49 FF 00 00 00 00
C1 BF 20 20 20 BE AA AA AA AA AA AA AA BE 20 20
20 00 00 80 80 AF AA AA AA FF AA AA AA AF 80 80
00 00 D1 D5 00 E4 2C 35 A6 74 2C 24 02 F2 1A D6
12 F2 02 00 40 3F 80 89 44 22 11 08 80 4F 30 0F
10 2F C0 00 C9 AB 20 10 E8 24 27 24 24 E4 24 34
2C 20 E0 00 00 00 00 00 3F 42 42 42 42 43 42 42
42 42 43 40 78 00 CD F8 00 FE 02 22 42 82 72 02
22 42 82 72 02 FE 00 00 00 FF 10 08 06 01 0E 10
08 06 01 4E 80 7F 00 00 C2 E7 20 30 AC 63 30 20
10 18 A7 44 A4 14 0C 00 00 00 22 67 22 12 12 04
02 FD 44 44 44 45 FD 02 02 00 C8 AB 00 00 00 00
00 00 00 80 C0 70 1C 0C 14 20 40 80 00 00 00 00
00 00 00 00 00 10 10 08 04 06 07 05 04 04 04 FC
FC 04 04 04 05 87 86 06 0C 04 04 00 00 00 00 20
20 20 21 21 21 21 21 3F 3F 21 21 21 21 20 20 20
30 20 00 00 B6 AF 00 00 20 20 20 20 20 20 20 10
10 00 00 00 00 FC 04 00 00 00 80 80 00 00 00 00
04 84 64 3C 0C 04 24 C4 82 02 00 01 C1 7F 01 01
01 01 FF 1F 00 00 00 00 06 05 06 02 02 02 02 42
23 16 08 06 01 10 20 20 60 70 3F 00 00 00 B5 E7
00 00 00 00 C0 40 40 40 40 40 40 FC 44 40 40 40
40 40 C0 40 00 00 00 00 00 00 00 00 FF 08 08 08
08 08 08 FF 08 08 08 08 08 08 FF 00 00 00 00 00
00 00 00 00 03 01 01 01 01 01 01 3F 61 41 41 41
41 41 41 40 6C 30 00 00 D7 D3 00 00 00 00 08 08
08 08 08 08 08 88 08 88 48 48 28 18 1C 08 00 00
00 00 00 08 08 08 08 08 08 08 08 08 08 FF FF 08
08 08 08 08 08 08 0C 0C 08 00 00 00 00 00 00 00
00 00 20 20 60 7F 3F 00 00 00 00 00 00 00 00 00
00 00 BC BC 00 00 80 80 80 FE FC 84 40 40 80 80
80 80 80 FC 84 80 80 80 40 40 00 00 00 00 60 20
20 FF FF 10 08 08 08 08 38 C8 08 0F 08 88 E8 38
08 00 00 00 00 00 00 20 60 7F 3F 00 40 40 40 20
10 10 0B 0C 0E 13 30 20 60 60 20 00 CA F5 00 00
00 00 00 00 00 00 00 00 00 FC FC 04 00 08 18 30
70 80 C0 80 00 00 00 00 01 01 01 01 81 C1 31 1D
07 FF FF 07 19 61 C1 81 01 00 00 00 00 00 00 10
08 08 04 03 01 00 00 00 00 7F 7F 00 00 00 00 01
03 06 0E 04 04 00 C8 AB 00 00 00 00 00 00 00 00
00 00 00 80 C0 F0 3C 1C 38 40 80 00 00 00 00 00
00 00 00 00 00 00 00 00 00 00 00 00 80 40 60 70
58 4C 46 43 41 40 40 C0 C0 40 41 43 46 4C 78 58
B0 70 60 E0 60 40 00 00 00 02 01 01 00 00 00 20
20 20 20 20 20 20 20 FF FF 20 20 20 20 20 30 38
30 20 00 00 00 00 00 00 00 00 00 20 20 20 20 20
20 20 20 20 20 20 20 3F 3F 20 20 20 20 20 20 20
20 20 30 38 30 20 00 00 B6 AF 00 00 40 C0 40 40
40 40 40 40 40 40 60 60 40 00 00 00 00 00 FC F8
08 00 00 00 00 00 00 00 00 00 00 00 20 20 20 20
20 E0 E0 E0 20 20 20 30 38 30 24 04 04 04 FF FF
04 04 04 04 04 FE FE 04 00 00 00 00 80 40 A0 98
8E 83 81 80 80 84 98 70 E0 80 00 00 C0 7C 0F 00
00 00 00 00 00 FF 3F 00 00 00 00 00 01 03 01 01
01 00 00 00 00 40 20 20 13 09 06 03 01 00 08 08
10 30 70 30 3E 0F 00 00 00 00 B5 E7 00 00 00 00
00 00 00 00 00 00 00 00 00 00 FC FC 08 00 00 00
00 00 00 00 00 00 00 00 00 00 00 00 00 00 00 00
00 FF FF 81 81 81 81 81 81 81 FF FF 81 81 81 81
81 81 81 81 FF FF 00 00 00 00 00 00 00 00 00 00
00 FF FF 20 20 20 20 20 20 20 FF FF 20 20 20 20
20 20 20 20 7F 3F 00 00 00 00 00 00 00 00 00 00
00 00 00 00 00 00 00 00 00 00 1F 3F 30 20 20 20
20 20 20 20 20 20 20 39 3E 10 00 00 D7 D3 00 00
00 00 00 00 10 10 10 10 10 10 10 10 10 10 10 10
10 10 10 90 D0 70 38 38 30 00 00 00 00 00 00 00
80 80 80 80 80 80 80 80 80 80 80 80 80 FC FC 8C
82 83 81 80 80 80 80 80 C0 E0 C0 80 00 00 00 00
00 00 00 00 00 00 00 00 00 00 00 00 00 FF FF 00
00 00 00 00 00 00 00 00 00 00 00 00 00 00 00 00
00 00 00 00 00 00 00 00 10 10 10 30 70 3F 1F 00
00 00 00 00 00 00 00 00 00 00 00 00 00 00 BC BC
00 00 00 00 00 00 00 FC FC 08 00 00 00 00 00 00
00 00 00 00 FC F8 08 00 00 00 00 00 00 00 00 00
00 00 02 02 02 02 02 FF FF 02 82 83 43 42 82 82
82 82 82 82 FF FF 82 82 82 82 C2 83 03 02 00 00
00 00 0C 0C 06 06 02 FF FF 01 00 00 00 00 00 00
03 0C 70 C0 80 80 C0 70 3C 0F 03 00 00 00 00 00
00 00 00 10 10 30 70 3F 3F 00 40 40 20 20 30 10
18 08 0C 06 03 07 0E 0C 18 38 30 30 30 20 00 00
CA F5 00 00 00 00 00 00 00 00 00 00 00 00 00 00
00 FC F8 08 00 00 10 30 60 E0 C0 00 00 00 00 00
00 00 00 00 04 0C 04 04 04 04 04 04 04 04 C4 F4
3C FF FF 1C 64 84 04 04 04 04 05 04 06 06 04 00
00 00 00 00 00 00 00 00 80 C0 70 18 0C 07 03 00
00 FF FF 00 00 03 06 1C 38 70 E0 C0 80 80 00 00
00 00 00 08 08 04 02 01 00 00 00 00 00 00 00 00
00 7F 3F 00 00 00 00 00 00 00 00 01 03 07 03 01
00 00 4F 4C 45 44 20 54 45 53 54 00 30 2E 39 36
22 20 53 53 44 31 33 30 36 00 36 34 58 31 32 38
00 77 77 77 2E 6C 63 64 77 69 6B 69 2E 63 6F 6D
00 42 4C 41 43 4B 00 36 78 38 3A 61 62 63 64 65
66 67 68 69 6A 6B 6C 6D 6E 6F 70 71 72 73 74 75
76 77 78 79 7A 00 38 78 31 36 3A 61 62 63 64 65
66 67 68 69 6A 6B 6C 6D 6E 6F 70 71 72 73 74 75
76 77 78 79 7A 00 36 78 38 3A 41 42 43 44 45 46
47 48 49 4A 4B 4C 4D 4E 4F 50 51 52 53 54 55 56
57 58 59 5A 00 38 78 31 36 3A 41 42 43 44 45 46
47 48 49 4A 4B 4C 4D 4E 4F 50 51 52 53 54 55 56
57 58 59 5A 00 36 78 38 3A 21 22 23 24 25 26 27
28 29 2A 2B 2C 2D 2E 2F 3A 3B 3C 3D 3E 3F 40 5B
5D 5C 5E 5F 60 7E 7B 7D 7C 00 31 32 33 34 35 36
37 38 39 30 00 38 78 31 36 3A 21 22 23 24 25 26
27 28 29 2A 2B 2C 2D 2E 2F 3A 3B 3C 3D 3E 3F 40
5B 5D 5C 5E 5F 60 7E 7B 7D 7C 00 31 36 78 31 36
00 C8 AB B6 AF B5 E7 D7 D3 BC BC CA F5 00 32 34
78 32 34 00 C8 AB B6 AF B5 E7 D7 D3 00 33 32 78
33 32 00 00 06 0A 12 22 FE 22 12 0A 86 00 C0 00
E0 00 F0 00 00 00 00 00 F8 04 02 02 04 00 FE 04
08 04 FE 00 F8 04 02 02 04 00 F8 04 02 02 04 00
00 00 00 00 88 50 FE 22 54 88 00 00 00 00 00 00
10 08 44 24 12 92 12 24 44 08 10 00 00 00 00 00
00 00 FC FA 76 AE DE DE DE DE DE DE DE DE AE 76
FA FC 00 00 00 00 00 00 00 00 00 00 00 F8 88 88
FE 02 FA FA 02 FA FA 02 FA FA 02 FA FA 02 FA FA
02 FE 00 00 00 00 00 00 03 00 03 00 03 00 03 00
03 00 03 00 00 00 00 00 00 01 02 02 01 00 03 00
00 00 03 00 00 01 02 02 01 00 00 01 02 02 01 00
00 00 00 00 00 00 03 02 01 00 00 00 00 00 00 00
00 00 00 00 01 03 01 00 00 00 00 00 00 00 00 00
00 00 01 02 03 03 03 03 03 03 03 03 03 03 03 03
02 01 00 00 00 00 00 00 00 00 00 00 00 00 00 00
03 02 02 02 02 02 02 02 02 02 02 02 02 02 02 02
02 03 00 00 00 00 00 00 00 00 00 00 00 00 00 00
00 00 00 00 00 00 00 00 00 00 00 00 00 00 00 00
00 00 00 C0 60 30 18 0C 06 FF FF 00 00 FE FF 03
03 03 03 03 03 03 03 03 FF FE 00 00 00 00 60 60
00 00 00 00 FE FF C3 C3 C3 C3 C3 C3 C3 C3 C3 C3
C3 00 00 FE FF 03 03 03 03 03 03 03 03 03 FF FE
00 00 00 00 00 00 00 00 00 00 00 00 00 00 00 00
00 00 00 00 00 00 00 00 00 00 00 00 00 00 00 00
00 00 00 00 00 00 00 00 00 00 00 00 00 00 00 00
00 00 00 00 00 00 00 00 00 00 00 00 00 00 00 00
00 00 00 00 00 00 00 00 00 FF FF 00 00 FF FF 03
03 03 03 03 03 03 03 03 FF FF 00 00 00 00 18 18
00 00 00 00 C0 C0 00 00 00 00 00 00 00 00 00 FF
FF 00 00 FF FF 00 00 00 00 00 00 00 00 00 FF FF
00 00 00 00 00 00 00 00 00 00 00 00 00 00 00 00
00 00 00 00 00 00 00 00 00 00 00 00 00 00 00 00
00 00 00 00 00 00 00 00 00 00 00 00 00 00 00 00
00 00 00 00 00 00 00 00 00 00 00 00 00 00 00 00
00 00 00 80 80 80 80 00 00 03 83 80 80 81 03 03
03 83 83 03 03 03 03 83 83 81 80 00 00 00 00 00
00 00 00 80 83 83 83 03 03 03 83 83 83 83 03 03
01 00 00 01 03 03 83 83 83 83 03 03 03 83 83 81
80 00 00 00 00 00 00 00 00 00 00 00 00 00 00 00
00 00 00 00 00 00 00 00 00 00 00 00 00 00 00 00
00 00 00 00 00 00 00 00 00 00 00 00 00 00 00 00
00 00 00 00 00 00 00 00 00 00 00 00 00 00 00 00
00 00 21 30 28 24 22 21 00 1F 20 20 20 20 1F 00
21 20 3F 20 20 00 1F 24 24 24 24 1F 00 00 30 30
00 00 1F 20 20 20 20 1F 00 1F 24 24 24 24 19 00
00 30 30 00 00 1F 20 20 20 20 1F 00 1F 24 24 24
24 19 00 00 00 00 00 00 00 00 00 00 00 00 00 00
00 00 00 00 00 00 00 00 00 00 00 00 00 00 00 00
00 00 00 00 00 00 00 00 00 00 00 00 00 00 00 00
00 00 00 00 00 00 00 00 00 00 00 00 00 00 00 00
00 00 00 00 00 00 00 00 00 00 00 00 00 00 00 00
00 00 00 00 00 00 00 00 00 00 00 00 00 00 00 00
00 00 00 80 80 80 80 80 80 80 80 00 00 00 00 00
00 00 00 00 00 00 00 00 00 00 00 00 00 00 00 00
00 00 00 00 00 00 00 00 00 00 00 00 00 00 00 00
00 00 00 00 00 00 00 00 00 00 00 00 00 00 00 00
00 00 00 00 7F 02 04 08 04 02 7F 00 1C 2A 49 49
49 4A 24 00 7F 02 04 08 10 20 7F 00 1F 20 40 40
40 20 1F 00 00 00 00 00 00 00 00 00 00 00 00 00
00 00 00 00 00 00 00 00 00 00 00 00 00 00 00 00
00 00 00 7F 2A 2A 2A 08 08 00 7F 00 00 00 00 00
00 00 00 00 00 00 00 00 00 00 00 00 00 00 00 00
00 00 00 00 00 00 00 00 00 00 00 7F 02 04 08 04
02 7F 00 26 49 49 49 49 49 32 00 7F 02 04 08 10
20 7F 00 00 00 00 00 00 00 00 00 00 00 00 00 00
00 00 00 00 00 00 00 00 00 00 00 00 00 00 00 00
00 00 00 00 00 00 00 00 00 FC 44 C4 44 48 30 00
FC 00 00 00 00 00 00 FC 00 FC 08 10 20 40 80 00
00 FC 00 FC 08 10 20 40 80 00 00 FC 00 04 FC 04
00 FC 08 10 20 40 80 00 00 FC 00 F0 08 04 44 44
44 44 C8 00 00 00 00 00 00 00 00 00 00 00 00 00
00 00 00 00 00 00 00 00 00 00 00 00 00 00 00 00
00 00 00 00 00 00 00 00 00 00 00 00 00 00 00 00
00 00 00 00 00 00 00 00 00 00 00 00 00 00 00 00
00 00 00 00 00 00 00 00 00 07 00 00 01 02 04 00
01 02 04 04 04 04 02 01 00 07 00 00 00 00 00 01
02 07 00 07 00 00 00 00 00 01 02 07 00 04 07 04
00 07 00 00 00 00 00 01 02 07 00 01 02 04 04 04
02 01 07 00 00 00 00 00 00 00 00 00 00 00 00 00
00 00 00 00 00 00 00 00 00 00 00 00 00 00 00 00
00 00 00 00 00 00 00 00 00 00 00 00 00 00 00 00
00 00 00 00 00 00 00 00 00 00 00 00 00 00 00 00
00 00 00 00 F0 F8 0C 06 03 03 03 03 03 03 03 03
03 07 9E F8 F0 00 00 00 00 FF FF 03 03 03 03 03
03 03 03 03 03 03 03 03 00 00 00 00 00 00 38 FC
FE FF FF FF FF FE FE FC FC FE FE FF FF FF FF FE
FE FC 38 00 00 00 00 00 00 00 00 00 00 00 00 00
00 00 00 00 00 00 00 00 00 00 00 00 00 00 00 00
00 00 00 00 00 00 00 00 00 00 00 00 00 00 00 00
00 00 00 00 00 00 00 00 00 00 00 00 00 00 00 00
00 00 00 00 C1 E3 67 36 1C 18 18 18 18 18 18 18
1C 36 63 C1 80 00 00 00 00 0F 0F 06 03 03 03 03
03 03 03 03 03 06 0E FC F0 00 00 00 00 00 00 00
01 03 07 07 0F 1F 1F 3F 7F 3F 1F 1F 0F 07 07 03
01 00 00 00 00 00 00 00 00 00 00 00 00 00 00 00
00 00 00 00 00 00 00 00 00 00 00 00 00 00 00 00
00 00 00 00 00 00 00 00 00 00 00 00 00 00 00 00
00 00 00 00 00 00 00 00 00 00 00 00 00 00 00 00
00 00 00 00 1F 3F 60 C0 C0 C0 C0 C0 C0 C0 C0 C0
C0 60 70 3F 1F 00 00 00 18 38 70 60 C0 C0 C0 C0
C0 C0 C0 C0 C0 60 30 3F 0F 00 00 00 00 00 FE 10
08 08 F0 00 F0 10 08 08 F0 00 F0 08 08 F0 10 08
08 F0 00 00 00 00 00 00 00 00 00 00 00 00 00 00
00 00 00 00 00 00 00 00 00 00 00 00 00 00 00 00
00 00 00 00 00 00 00 00 00 00 00 00 00 00 00 00
00 00 00 00 00 00 00 00 00 00 00 00 00 00 00 00
00 00 00 00 00 00 00 00 00 00 00 00 00 00 00 00
00 00 00 00 00 00 00 00 00 00 00 00 00 80 C0 40
C0 00 00 00 00 00 00 00 00 00 00 00 80 80 00 01
01 01 00 00 07 01 01 01 00 00 01 00 00 01 00 00
00 01 00 00 00 00 00 00 00 00 00 00 00 00 00 00
00 00 00 00 00 00 00 00 00 00 00 00 00 00 00 00
00 00 00 00 00 00 00 00 00 00 00 00 00 00 00 00
00 00 00 00 00 00 00 00 00 00 00 00 00 00 00 00
00 00 00 00 00 00 00 00 00 00 00 00 00 80 40 30
0C 06 01 01 06 78 80 00 00 00 C0 38 06 01 00 00
00 03 1C E0 00 00 00 00 80 70 0C 03 00 00 03 0C
30 80 00 00 00 00 F0 0C 02 01 00 00 00 00 00 00
00 00 00 00 00 00 00 00 00 00 00 00 00 00 00 00
00 00 00 00 00 00 00 00 00 00 00 00 00 00 00 00
00 00 00 00 00 00 00 00 00 00 00 00 00 00 00 00
00 00 00 00 00 00 00 00 00 00 00 00 00 00 00 00
00 00 00 00 00 00 00 00 00 00 00 00 01 00 00 00
00 00 00 00 00 00 07 18 18 07 00 00 00 00 00 00
00 00 00 00 07 18 18 06 01 00 00 00 00 00 00 00
00 01 0E 10 10 0F 00 00 00 00 00 00 00 00 00 00
00 00 00 00 00 00 00 00 00 00 00 00 00 00 00 00
00 00 00 00 00 00 00 00 00 00 00 00 00 00 00 00
00 00 00 00 00 00 00 00 00 00 00 00 00 00 00 00
00 00 00 00 00 00 00 00 00 00 00 00 00 00 00 00
00 00 00 00 00 00 00 00 00 00 00 00 00 00 00 00
00 00 00 00 00 80 80 C0 40 20 20 30 10 10 08 08
08 08 08 08 08 08 08 10 10 30 30 20 20 60 40 40
40 C0 80 80 80 00 00 00 00 00 00 00 00 00 00 00
00 00 00 00 00 00 00 00 00 00 00 00 00 00 00 00
00 00 00 00 00 00 00 00 00 00 00 00 00 00 00 00
00 00 00 00 00 00 00 00 00 00 00 00 00 00 00 00
00 00 00 00 00 00 00 00 00 00 00 00 00 00 00 00
00 00 00 00 00 00 00 00 00 00 C0 60 18 08 04 06
02 02 01 01 01 01 00 80 80 00 00 00 00 00 00 00
00 00 00 00 00 00 00 00 00 00 00 00 00 00 00 00
00 00 00 00 01 01 03 02 04 0C 08 10 60 80 00 00
00 00 00 00 00 00 00 00 00 00 00 00 00 00 00 00
00 00 00 00 00 00 00 00 00 00 00 00 00 00 00 00
00 00 00 00 00 00 00 00 00 00 00 00 00 00 00 00
00 00 00 00 00 00 00 00 00 00 00 00 00 00 00 00
00 00 00 00 00 00 00 00 00 FE 0F 00 00 80 80 C0
C0 E0 E0 F0 F8 FC FE FF FF FF FF FF FF FE FE FE
FE FE FC FC FC FC FC FC FC FC FC F8 F8 F8 F8 F8
F8 F8 F8 F8 F8 F0 80 00 00 00 00 00 00 81 CF 38
00 00 00 00 00 00 00 00 00 00 00 00 00 00 00 00
00 00 00 00 00 00 00 00 00 00 00 00 00 00 00 00
00 00 00 00 00 00 00 00 00 00 00 00 00 00 00 00
00 00 00 00 00 00 00 00 00 00 00 00 00 00 00 00
00 00 00 00 00 00 00 00 00 03 3F E0 80 4F E7 F7
F7 F7 F7 B7 17 B7 F7 F7 F7 F7 F7 EF 1F 9F DF DF
DF 1F 6F F7 F7 F7 F7 F7 B7 17 B7 F7 F7 F7 F7 F7
6F 9F DF DF DF DF CF E0 F0 E0 02 87 45 49 30 00
00 00 00 00 00 00 00 00 00 00 00 00 00 00 00 00
00 00 00 00 00 00 00 00 00 00 00 00 00 00 00 00
00 00 00 00 00 00 00 00 00 00 00 00 00 00 00 00
00 00 00 00 00 00 00 00 00 00 00 00 00 00 00 00
00 00 00 00 00 00 00 00 00 00 00 01 03 0F 1E 3E
7D FD FD FD FD FD FD FD FD FD DE 9E 9F 1F 1F 1F
9F 9F 9E DE FD FD FD FD FD FD FD FD FD FD FC FE
FE 7F 7F 3F 1F 0F 0F 07 07 03 01 00 00 00 00 00
00 00 00 00 00 00 00 00 00 00 00 00 00 00 00 00
00 00 00 00 00 00 00 00 00 00 00 00 00 00 00 00
00 00 00 00 00 00 00 00 00 00 00 00 00 00 00 00
00 00 00 00 00 00 00 00 00 00 00 00 00 00 00 00
00 00 00 00 00 00 00 00 00 00 00 00 00 00 00 00
00 00 00 01 01 03 03 07 07 07 07 0F 0F 0F 0F 0F
0F 0F 0F 0F 0F 07 07 07 07 03 03 03 01 01 01 00
00 00 00 00 00 00 00 00 00 00 00 00 00 00 00 00
00 00 00 00 00 00 00 00 00 00 00 00 00 00 00 00
00 00 00 00 00 00 00 00 00 00 00 00 00 00 00 00
00 00 00 00 00 00 00 00 00 00 00 00 00 00 00 00
00 00 00 00 00 00 00 00 00 00 00 00 00 00 00 1E
3F 7F CE CC 80 00 00 00 00 00 00 24 24 24 4C 48
88 10 10 60 C0 00 00 00 00 00 00 00 00 00 00 00
00 00 00 00 00 00 08 28 2C E4 66 76 58 58 D0 D8
58 56 62 E6 24 24 20 00 20 2C 24 E4 66 5E 58 D8
D8 58 5E 76 E2 24 24 20 00 00 00 00 00 00 00 00
00 00 00 00 00 00 00 00 00 00 00 00 00 00 00 00
00 00 00 00 00 00 00 00 00 00 00 00 00 00 00 00
00 00 00 00 00 00 00 00 00 00 00 00 00 00 00 00
00 00 00 01 03 03 06 06 0E 0E 0F 0F 0E 04 00 00
03 00 00 00 03 00 00 00 00 00 00 00 00 00 00 00
00 00 00 00 00 00 00 00 00 0F 12 12 12 12 13 13
12 12 12 13 10 0C 00 00 00 00 00 0F 12 12 12 13
13 12 12 12 13 10 10 0C 00 00 00 00 00 00 00 00
00 00 00 00 00 00 00 00 00 00 00 00 00 00 00 00
00 00 00 
@2D44
31 40 00 0A B0 12 AA 33 B0 12 D8 35 0A 12 B0 12
B6 35 F2 D0 05 00 2A 00 3C 40 C8 00 B0 12 28 35
B0 12 DC 34 3A 40 5A 35 0D 43 3C 40 AE 00 8A 12
0D 43 0C 43 8A 12 0D 43 3C 40 10 00 8A 12 0D 43
3C 40 40 00 8A 12 0D 43 3C 40 B0 00 8A 12 0D 43
3C 40 81 00 8A 12 0D 43 7C 43 8A 12 0D 43 3C 40
A1 00 8A 12 0D 43 3C 40 A6 00 8A 12 0D 43 3C 40
A8 00 8A 12 0D 43 3C 40 3F 00 8A 12 0D 43 3C 40
C8 00 8A 12 0D 43 3C 40 D3 00 8A 12 0D 43 0C 43
8A 12 0D 43 3C 40 D5 00 8A 12 0D 43 3C 40 80 00
8A 12 0D 43 3C 40 D9 00 8A 12 0D 43 3C 40 F1 00
8A 12 0D 43 3C 40 DA 00 8A 12 0D 43 3C 40 12 00
8A 12 0D 43 3C 40 DB 00 8A 12 0D 43 3C 40 30 00
8A 12 0D 43 3C 40 8D 00 8A 12 0D 43 3C 40 14 00
8A 12 0D 43 3C 40 AF 00 8A 12 3A 41 30 41 53 12
30 12 43 21 B0 12 62 2E B0 12 BE 35 53 12 30 12
43 25 B0 12 62 2E B0 12 BE 35 53 12 30 12 43 29
B0 12 62 2E B0 12 BE 35 31 50 0C 00 30 41 7F 40
40 00 7E 40 80 00 4D 43 4C 43 30 40 7A 2F 53 12
7F 42 3E 40 1B 21 B0 12 A2 35 53 12 3F 40 21 21
7E 40 10 00 6D 43 4C 4E B0 12 3E 31 B0 12 68 35
53 12 7F 42 3E 40 2E 21 B0 12 A2 35 53 12 3F 40
34 21 7E 40 18 00 6D 43 7C 40 10 00 B0 12 3E 31
B0 12 68 35 53 12 7F 42 3E 40 3D 21 B0 12 A2 35
53 12 3F 40 34 21 7E 40 20 00 6D 43 4C 43 B0 12
3E 31 B0 12 68 35 C0 3F 0A 12 0B 12 08 12 09 12
06 12 07 12 04 12 4B 4C 48 4D 59 41 10 00 7E 50
E0 00 7C 90 80 00 02 28 4B 43 68 53 46 4E 37 40
5A 35 7F 90 10 00 1F 20 4A 43 08 3C 3C E3 87 12
54 53 74 92 09 28 5A 53 6A 93 2B 2C 4D 48 4D 5A
4C 4B B0 12 56 34 44 43 0C 46 B0 12 50 35 0F 4C
4C 4A B0 12 52 35 0F 5C 0F 54 5C 4F 3A 13 49 93
1D 43 E4 27 E4 3F 4D 48 4C 4B B0 12 56 34 44 43
0F 46 0F 5F 0B 4F 0F 5F 0F 5B 0F 54 5C 4F 00 11
49 93 1D 43 01 20 3C E3 87 12 54 53 74 90 06 00
EF 2B 30 40 18 35 0A 12 0B 12 08 12 09 12 06 12
07 12 04 12 05 12 44 4C 49 4D 4B 4E 4A 4F 17 41
12 00 48 43 01 3C 58 53 46 48 4C 4A 3C 50 07 00
3E 42 B0 12 F4 33 06 9C 20 34 4D 49 4D 58 4C 44
B0 12 56 34 45 43 05 3C 7C E3 1D 43 B0 12 5A 35
55 53 45 9B E8 2F 02 12 32 C2 03 43 82 46 30 01
C2 4B 38 01 1E 42 3A 01 32 41 0E 55 0F 47 0F 5E
C1 93 14 00 6C 4F E8 27 E8 3F 30 40 16 35 0A 12
0B 12 08 12 09 12 06 12 07 12 B0 12 8E 35 4C 4F
0C 5C 07 4C 0C 5C 0C 5C 07 5C B0 12 52 35 0C 57
07 4C EC 9E 4A 1B 21 20 DC 9E 01 00 4B 1B 1D 20
4A 43 0A 3C 7C E3 B0 12 98 35 78 90 18 00 07 28
5A 53 7A 90 03 00 15 2C B0 12 84 35 48 43 4F 48
4C 4A B0 12 52 35 0E 4C 0C 5C 0C 5E 0F 5C 0F 57
5C 4F 4C 1B 4B 93 E6 27 E6 3F 5F 53 7F 90 06 00
CE 2B 30 40 1A 35 0A 12 0B 12 08 12 09 12 06 12
07 12 B0 12 8E 35 4C 4F 0C 5C 07 4C B0 12 4C 35
0C 57 07 4C EC 9E 06 1D 1D 20 DC 9E 01 00 07 1D
19 20 4A 43 09 3C 7C E3 B0 12 98 35 78 90 20 00
06 28 5A 53 6A 92 12 2C B0 12 84 35 48 43 4F 48
4C 4A B0 12 4E 35 0F 5C 0F 57 5C 4F 08 1D 4B 93
EA 27 EA 3F 5F 53 7F 90 06 00 D5 2B 30 40 1A 35
0A 12 0B 12 08 12 09 12 06 12 07 12 B0 12 8E 35
4C 4F 0C 5C 07 4C B0 12 50 35 0C 57 07 4C EC 9E
2A 19 1D 20 DC 9E 01 00 2B 19 19 20 4A 43 09 3C
7C E3 B0 12 98 35 78 90 10 00 06 28 5A 53 6A 93
12 2C B0 12 84 35 48 43 4F 48 4C 4A B0 12 50 35
0F 5C 0F 57 5C 4F 2C 19 4B 93 EA 27 EA 3F 5F 53
7F 90 10 00 D5 2B 30 40 1A 35 0A 12 0B 12 08 12
09 12 06 12 4B 4C 48 4D 4A 4E 09 4F 56 41 0C 00
10 3C B0 12 AC 35 B0 12 6A 30 4B 5A 3F 40 80 00
0F 8A 0F 9B 05 34 4B 43 4C 4A B0 12 7A 35 48 5C
29 53 C9 93 00 00 13 24 7A 90 10 00 05 20 B0 12
AC 35 B0 12 D4 30 E9 3F 7A 90 18 00 05 20 B0 12
AC 35 B0 12 F2 2F E1 3F 7A 90 20 00 DA 27 30 40
1C 35 0A 12 43 12 7F 40 03 00 B0 12 3E 35 3A 40
08 32 53 12 7F 42 3E 40 C5 20 B0 12 CE 35 53 12
7F 42 3E 40 EA 20 6D 43 7C 40 1E 00 8A 12 B0 12
68 35 53 12 7F 40 10 00 3E 40 F5 20 B0 12 CE 35
53 12 7F 40 10 00 3E 40 EA 20 6D 42 7C 40 28 00
8A 12 B0 12 C6 35 0C 43 B0 12 62 33 31 50 0A 00
3A 41 30 41 0A 12 0B 12 08 12 09 12 06 12 07 12
4A 4C 4B 4D 07 4E 48 4F 49 43 7F 90 10 00 02 20
76 42 18 3C 7F 92 1B 20 76 40 06 00 13 3C 51 12
10 00 4F 48 6E 4E 4D 4B 4C 4A B0 12 DC 2E 4A 56
21 53 7A 90 79 00 05 28 4A 43 4C 48 B0 12 7A 35
4B 5C 59 53 0E 47 0E 59 CE 93 00 00 E8 23 30 40
1A 35 0A 12 0B 12 3A 40 08 32 7B 40 10 00 53 12
4F 4B 3E 40 12 20 4D 43 7C 40 1C 00 8A 12 53 12
4F 4B 3E 40 1C 20 6D 43 7C 40 0C 00 8A 12 53 12
4F 4B 3E 40 2A 20 6D 42 7C 40 28 00 8A 12 53 12
4F 4B 3E 40 31 20 7D 40 06 00 6C 42 8A 12 B0 12
C6 35 B0 12 C6 35 31 52 3B 41 3A 41 30 41 0A 12
0B 12 08 12 09 12 06 12 07 12 04 12 48 4C 49 4D
4E 8C 5E 53 4B 4E 4F 8D 5F 53 46 4F C1 93 10 00
02 20 4A 43 01 3C 7A 43 47 43 08 3C 1D 43 4C 4A
B0 12 5A 35 54 53 44 9B F9 2B 57 53 47 96 07 2C
4D 49 4D 57 4C 48 B0 12 56 34 44 43 F4 3F 30 40
18 35 0A 12 3A 40 08 32 53 12 7F 42 3E 40 47 20
B0 12 CE 35 53 12 7F 40 10 00 3E 40 66 20 6D 43
4C 43 8A 12 B0 12 BE 35 53 12 7F 42 3E 40 86 20
B0 12 CE 35 53 12 7F 40 10 00 3E 40 A5 20 6D 43
4C 43 8A 12 B0 12 C6 35 31 52 3A 41 30 41 0A 12
0B 12 08 12 09 12 0C 93 02 20 4B 43 01 3C 7B 43
4A 43 38 40 5A 35 0D 43 4C 4A 3C 50 B0 00 88 12
0D 43 0C 43 88 12 0D 43 3C 40 10 00 88 12 79 40
80 00 1D 43 4C 4B 88 12 79 53 FB 23 5A 53 7A 92
EA 2B 30 40 1E 35 0A 12 B2 40 80 5A 20 01 B0 12
B6 34 B0 12 50 2D 3A 40 62 33 0C 43 8A 12 B0 12
66 32 0C 43 8A 12 B0 12 88 34 0C 43 8A 12 B0 12
16 33 0C 43 8A 12 B0 12 A6 31 0C 43 8A 12 B0 12
72 2E 0C 43 8A 12 B0 12 32 2E E7 3F 8C 11 8E 11
09 12 09 43 0E 93 03 34 3E E3 1E 53 19 D3 0C 93
03 34 3C E3 1C 53 39 E3 B0 12 FE 34 19 B3 02 24
3C E3 1C 53 29 B3 02 24 3E E3 1E 53 39 41 30 41
4C 4C B0 12 4A 35 4D 4D 0D 11 0D 43 0D 10 0D DC
7E 40 09 00 0D 93 03 34 E2 D3 19 00 02 3C E2 C3
19 00 F2 C2 19 00 F2 D2 19 00 0D 5D 7E 53 F2 23
30 41 0A 12 4A 4C 4C 4D 0D 43 3C 50 B0 00 B0 12
5A 35 0D 43 4C 4A B0 12 76 35 4C 4C 3C D0 10 00
B0 12 5A 35 0D 43 4C 4A 3C F0 0F 00 B0 12 5A 35
3A 41 30 41 43 12 B0 12 3A 35 53 12 7F 40 10 00
3E 40 41 20 5D 43 7C 40 0A 00 B0 12 08 32 B0 12
BE 35 53 12 B0 12 3A 35 B0 12 C6 35 31 50 06 00
30 41 F2 C0 80 00 57 00 F2 D0 88 00 58 00 E2 C3
02 00 7E 40 64 00 03 43 7E 53 FD 23 E2 B3 02 00
F6 2F E2 C3 02 00 30 41 E2 D2 29 00 3C 40 64 00
B0 12 28 35 E2 C2 29 00 3C 40 64 00 B0 12 28 35
E2 D2 29 00 30 41 7C F3 7E F3 0F 4E 0D 4C 0E 43
1C 43 0D 5D 0E 6E 0E 9F 01 28 0E 8F 0C 6C F9 2B
30 41 35 41 34 41 37 41 36 41 39 41 38 41 3B 41
3A 41 30 41 05 3C 3F 40 69 0A 3F 53 FE 2F 3C 53
0C 93 F9 23 30 41 7F 40 07 00 7E 40 7F 00 4D 43
4C 43 30 40 C2 32 0C 5C 0C 5C 0C 5C 0C 5C 0C 5C
0C 5C 0C 5C 30 41 D2 C3 29 00 B0 12 24 34 D2 D3
29 00 30 41 3C 40 E8 03 B0 12 28 35 0C 43 30 40
62 33 12 C3 0C 10 12 C3 0C 10 0C 11 0C 11 30 41
4D 46 4D 5A 4C 49 30 40 56 34 49 4C 46 4D 4B 4F
4F 43 30 41 1D 43 B0 12 5A 35 58 53 30 41 4D 43
7C 40 2D 00 30 40 08 32 4F 46 0E 49 4D 48 4C 4B
30 41 F2 D0 0A 00 1A 00 30 41 3C 40 E8 03 30 40
28 35 3C 40 DC 05 30 40 28 35 4D 43 4C 43 00 4A
30 40 DC 35 30 40 D4 35 FF 3F 
@FFFE
44 2D 
q
